[
  [ 1, 2,11] [ 1,22, 1]
  [ 2, 7, 3] [ 2, 7,21]
  [ 3,26, 3] [ 3,30, 5]
  [ 4, 3,31]
  [ 5, 4,23] [ 5, 9,23]
  [ 5,13,21] [ 5,14, 3] [ 5,18, 3] [ 5,27,18] [ 5,27,21]
  [ 6, 1,31] [ 6,11, 8] [ 6,23, 1] [ 6,23, 5]
  [ 7, 3,14] [ 7, 5,20] [ 7, 6,19] [ 7, 7, 2] [ 7,11, 1] [ 7,21, 8] [ 7,29, 1] [ 7,30, 3]
  [ 8, 9,22] [ 8, 9,23]
  [ 9, 3, 7] [ 9,11,17] [ 9,23, 2]
  [10, 5,26] [10, 5,27] [10, 7,12] [10, 7,19] [10,13, 6] [10,13,10] [10,15, 7]
  [11, 3,27] [11, 7, 6] [11,15, 2] [11,21,17]
  [12, 1,23] [12,21,19]
  [13, 1,25] [13, 1,27] [13, 3,11] [13, 6,21] [13,11, 4] [13,14, 3] [13,19,20]
  [14,13,19]
  [15, 1,18] [15, 3,20] [15, 7, 1]
  [17, 1,18] [17, 7,16] [17, 8,15] [17,12,15] [17,30,13]
  [18, 7,16]
  [19,13,10]
  [20, 1,19] [20, 3,13] [20, 5, 2] [20, 7, 3] [20,21, 6]
  [21, 3, 7] [21, 4,23] [21,14,11]
  [22, 7, 3]
  [23, 1,12] [23, 3,24] [23, 8, 1] [23, 9,26] [23,13, 4] [23,25, 2]
  [24, 7,13]
  [25, 1,23] [25, 8, 3]
  [26, 5, 1] [26,13, 2] [26,21, 6] [26,23, 1] [26,27, 1]
  [27, 5, 2] [27,29, 2]
  [28,11, 2]
  [29, 1, 8] [29, 3, 6] [29, 3,15]
  [31, 5, 1]
]
